	
Min	63
Max	10,782
Mean	2,006.189
Median	790
Standard deviation	2,550.586
Values	63,64,65,66,67,69,71,72,73,74,75,77,79,80,81,82,83,84,85,86,87,88,90,91,95,96,98,99,100,102,106,107,108,111,112,113,115,116,117,118,122,123,124,125,126,128,131,132,135,137,139,140,141,143,148,149,150,151,155,158,162,163,165,176,179,182,184,185,192,194,200,202,203,205,206,207,208,209,211,216,220,221,222,223,227,233,234,236,241,247,248,250,256,264,268,269,270,271,277,286,288,291,313,316,332,334,338,343,353,364,366,374,379,395,397,402,403,410,412,413,419,424,432,436,438,442,443,446,447,452,456,472,479,488,503,516,520,530,531,538,545,553,556,564,582,588,594,620,627,631,632,642,646,647,661,662,672,701,703,727,730,732,749,785,790,793,810,820,831,848,852,867,868,893,909,936,962,973,981,982,996,998,1002,1007,1020,1026,1027,1044,1050,1052,1066,1082,1096,1116,1120,1141,1144,1155,1164,1178,1199,1217,1218,1247,1266,1270,1274,1288,1309,1310,1318,1344,1405,1413,1415,1424,1426,1427,1459,1477,1491,1502,1520,1525,1562,1573,1589,1590,1607,1639,1640,1642,1645,1671,1697,1703,1705,1714,1725,1743,1766,1773,1776,1798,1887,1953,1959,1993,2017,2031,2074,2127,2139,2150,2162,2181,2250,2268,2272,2288,2352,2451,2459,2463,2479,2490,2503,2520,2579,2637,2662,2697,2725,2780,2847,2872,2876,2988,2995,3000,3014,3055,3066,3078,3091,3105,3136,3188,3191,3236,3341,3423,3455,3601,3711,3801,3838,3955,3962,3974,4086,4286,4347,4353,4463,4549,4564,4567,4629,4669,4688,4694,4760,4794,4807,4856,4898,4957,4962,4979,5055,5161,5281,5285,5383,5457,5490,5506,5633,5666,5784,5787,5826,5850,5857,5870,5926,5989,5996,6154,6230,6269,6283,6296,6353,6389,6413,6649,6754,6761,6772,6786,6823,6824,6863,6873,7020,7127,7142,7240,7320,7573,7595,7638,7672,7770,7790,8068,8103,8188,8209,8412,8469,8578,8619,8770,8814,8821,8833,8879,8895,9011,9084,9122,9370,9619,9861,10289,10782
Count	1,2,7,3,2,1,1,3,3,1,3,1,2,2,1,2,2,1,2,3,4,1,1,4,3,2,1,1,3,4,1,2,2,1,1,1,1,1,1,3,1,2,2,2,1,1,1,1,1,1,2,1,1,1,3,3,1,1,1,1,1,1,2,1,1,2,1,1,1,1,2,1,1,1,1,1,1,2,1,1,1,1,2,1,1,1,1,2,1,1,1,1,1,1,1,1,1,1,1,1,1,1,1,1,1,1,1,1,1,1,1,1,1,1,1,1,1,1,1,2,1,1,1,1,3,2,1,1,2,1,1,1,1,2,1,1,1,1,1,1,1,1,1,1,1,1,1,2,1,1,1,1,1,1,1,1,1,1,1,1,1,1,1,1,1,1,1,1,1,1,1,1,1,1,1,1,1,1,1,1,1,1,1,1,1,1,1,1,1,1,1,1,1,1,1,1,1,1,1,1,1,1,1,2,1,1,1,1,1,1,1,1,1,1,1,1,1,1,1,1,1,1,1,1,1,1,1,1,1,1,2,1,1,1,1,1,1,1,1,1,1,1,1,1,1,1,2,1,1,1,1,1,1,1,1,1,1,1,1,1,1,1,1,1,1,1,1,1,1,1,1,1,1,1,1,1,1,1,1,1,1,1,1,1,1,1,1,1,1,1,1,1,1,1,1,1,1,1,1,1,1,1,1,1,2,1,1,1,1,1,1,1,1,1,1,1,1,1,1,1,1,1,1,1,1,1,1,1,1,1,1,1,1,1,1,1,1,1,1,1,1,1,1,1,1,1,1,1,1,1,1,1,1,1,1,1,1,1,1,1,1,1,1,1,1,1,1,1,1,1,1,1,1,1,1,1,1,1,1,1,1,1,1,1,1,1,1,1,1

	
